# Time (s), Power (dBm)
0.542266964912 -42.5346921
1.06915104389 -42.5119256
1.59704303741 -42.5062992
2.12393903732 -42.5603264
2.65184104443 -42.533513
3.17868101597 -42.5127127
3.70661103725 -42.5331601
4.23450601101 -42.5218142
4.76236796379 -42.5202194
5.28925597668 -42.5509007
5.81718301773 -42.5262318
6.34505999088 -42.5450616
6.61404705048 -42.5250578
7.16020703316 -42.5500978
7.68704402447 -42.5471595
8.21492397785 -42.5386351
8.74284696579 -42.516276
9.27073800564 -42.561891
9.79759895802 -42.5571888
10.3254870176 -42.5275161
10.8523659706 -42.5418096
11.3802469969 -42.5420812
11.9081749916 -42.5399088
12.4350550175 -42.5215058
12.9629770517 -42.5258616
13.489817977 -42.5373436
14.017729044 -42.5742581
14.5456410646 -42.5335549
15.0725250244 -42.5442932
15.6004210711 -42.5459913
16.1283090115 -42.54881
16.6551699638 -42.539315
17.1831400394 -42.5351394
17.7109509706 -42.5432852
18.237858057 -42.5115985
18.7657450438 -42.544105
19.0357509851 -42.5448576
19.5808349848 -42.5591043
20.1087590456 -42.5363769
20.6356110573 -42.5552044
21.163596034 -42.535618
21.6904020309 -42.5438575
22.2183049917 -42.5301492
22.7451790571 -42.5505503
23.2731850147 -42.5336238
23.7999299765 -42.540177
24.3278399706 -42.5473872
24.8557629585 -42.5522341
25.3826019764 -42.5470532
25.9105379581 -42.5307964
26.438403964 -42.5198137
26.9653060436 -42.4999783
27.4932590723 -42.5320501
28.0210709572 -42.5353605
28.5479750633 -42.5469088
29.0758470297 -42.5350185
29.6037590504 -42.5458007
30.1316449642 -42.5563843
30.6585680246 -42.5504957
31.1864640713 -42.5440216
31.7134230137 -42.5372315
32.2412370443 -42.596065
32.7691099644 -42.556845
33.2959920168 -42.5433545
33.8238930702 -42.5734206
34.3517689705 -42.5327773
34.8786569834 -42.5525824
35.4065430164 -42.5676902
35.934458971 -42.5616247
36.4613180161 -42.5447788
36.9892289639 -42.5602036
37.5161340237 -42.5458377
38.0440369844 -42.5459512
38.5719239712 -42.5423863
39.0987980366 -42.5634411
39.6266950369 -42.5715697
40.1545879841 -42.5584785
40.6814069748 -42.5745547
41.2093449831 -42.5578018
41.737251997 -42.5637676
42.2641170025 -42.5605609
42.7920100689 -42.5760743
43.3199020624 -42.5692927
43.8468110561 -42.5513131
44.3750400543 -42.570161
44.9015669823 -42.5523993
45.1715769768 -42.5371025
45.717682004 -42.5069206
46.2455650568 -42.5734961
46.772487998 -42.5853057
47.3003450632 -42.5693216
47.8272670507 -42.5568404
48.3551330566 -42.5697483
48.882035017 -42.5516184
49.4109070301 -42.5466963
49.9378139973 -42.5646071
50.4657660723 -42.5364564
50.9935950041 -42.5536615
51.5204750299 -42.558911
52.0483900309 -42.5775974
52.5752359629 -42.579971
52.8453320265 -42.5560956
53.3913559914 -42.5456478
53.9182670116 -42.548826
54.4461779594 -42.5474052
54.9730370045 -42.5474819
55.5009319782 -42.5574604
56.0278140306 -42.5431657
56.5557099581 -42.5503223
57.0835870504 -42.5091931
57.6114909649 -42.5409971
58.138381958 -42.54111
58.6662620306 -42.5551771
59.1932309866 -42.5390183
59.7210249901 -42.5663807
60.2489460707 -42.5339959
60.5179330111 -42.5265596
61.0640380383 -42.5490213
61.5909830332 -42.5280004
62.1188640594 -42.5438838
62.6457110643 -42.5278277
63.1737099886 -42.5501509
63.7004829645 -42.5666811
64.228374958 -42.5513317
64.7562869787 -42.5161609
65.2832510471 -42.5178485
65.5532560349 -42.5344839
66.0982470512 -42.5279179
66.6261270046 -42.5262535
67.1540560722 -42.5474459
67.6809300184 -42.5549451
67.9509609938 -42.5310013
68.4970470667 -42.5503066
69.0240080357 -42.5371456
69.5518820286 -42.543269
70.0787249804 -42.5257982
70.6065870523 -42.5335378
71.1344929934 -42.5208845
71.6613680124 -42.5252198
72.1892570257 -42.5308414
72.7161450386 -42.5329528
72.9861559868 -42.517708
73.531257987 -42.5063081
74.0591590405 -42.5259395
74.5870369673 -42.5049827
75.1139349937 -42.4978094
75.6418060064 -42.5093167
76.1687270403 -42.4906465
76.6966170073 -42.4934701
77.2235560417 -42.5084798
77.7515230179 -42.5079021
78.2792750597 -42.4928699
78.8061499596 -42.4835866
79.3340420723 -42.5066633
79.861970067 -42.5056719
80.3898119926 -42.4989878
80.916705966 -42.5007192
81.4446309805 -42.4969712
81.9714850187 -42.4604484
82.4993870258 -42.4683568
83.0262640715 -42.4714309
83.5541650057 -42.4864288
84.0820720196 -42.473665
84.6089349985 -42.4689344
85.136868 -42.4813703
85.6637240648 -42.4738774
86.1916060448 -42.4590025
86.719487071 -42.4663643
87.2464209795 -42.4471955
87.7743170261 -42.4386612
88.3021850586 -42.4215753
88.8290740252 -42.4495008
89.3569550514 -42.4454372
89.8848719597 -42.4680249
90.4117670059 -42.4335186
90.9396209717 -42.4381602
91.4665520191 -42.4431862
91.9944679737 -42.4614981
92.522341013 -42.4290312
93.0502029657 -42.4244327
93.5770759583 -42.4471343
94.1049740314 -42.4410133
94.6318919659 -42.4220742
95.159782052 -42.4515705
95.6876369715 -42.4088099
96.2145559788 -42.3957679
96.7424139977 -42.4299395
97.2703030109 -42.4083023
97.7972080708 -42.3863768
98.3250989914 -42.432203
98.852987051 -42.3988137
99.3799220324 -42.4221444
99.9078040123 -42.3882481
100.43572104 -42.3811153
100.962560058 -42.3744451
101.490426064 -42.3854157
102.017381072 -42.3918053
102.545197964 -42.4164827
103.073233008 -42.3773523
103.601006985 -42.3745872
104.127868056 -42.3999021
104.655776978 -42.384146
105.183678031 -42.3553245
105.710551023 -42.3782311
106.238481045 -42.3538669
106.766345024 -42.3516333
107.293290973 -42.3647207
107.821156025 -42.3630817
108.347998023 -42.3721238
108.875921011 -42.3793534
109.403861046 -42.3607236
109.93069303 -42.3408286
110.458590984 -42.3792198
110.986477971 -42.3451208
111.513437033 -42.3543512
112.041267991 -42.3726256
112.56912899 -42.3092684
113.097036958 -42.3423721
113.624979019 -42.3309062
114.151815057 -42.3153148
114.679718971 -42.3340069
115.207625985 -42.3044717
115.734488964 -42.3323216
116.262377024 -42.3502351
116.790333033 -42.3649389
117.317170024 -42.3267769
117.845064998 -42.3165171
118.372943997 -42.3145832
118.899862051 -42.3252214
119.427729964 -42.2926927
119.955636978 -42.2798636
120.482501984 -42.2981408
121.01041007 -42.3286844
121.538336039 -42.3309499
122.065183043 -42.2937565
122.593163013 -42.2678355
123.120974064 -42.2642113
123.647822022 -42.2576447
124.175742984 -42.2947832
124.703647017 -42.2850393
125.230581045 -42.2763266
125.758427024 -42.3059312
126.285286069 -42.2475869
126.81329906 -42.2809945
127.341084957 -42.2660181
127.867972016 -42.2898102
128.395877957 -42.2495406
128.922757983 -42.2363192
129.450646043 -42.2534418
129.978536963 -42.2281663
130.505427003 -42.2439204
131.033445001 -42.2207773
131.560217977 -42.2292145
132.088114023 -42.2245315
132.615004063 -42.2443117
133.142874002 -42.2121432
133.669746995 -42.2122957
134.19768405 -42.1871005
134.724537969 -42.2000382
135.252428055 -42.1777115
135.779343009 -42.1987752
136.307208061 -42.177184
136.835121036 -42.1623716
137.362987041 -42.2096427
137.889872074 -42.1949966
138.417773962 -42.1643629
138.944696069 -42.1667287
139.472602963 -42.1249378
139.999472022 -42.1497312
140.527328968 -42.1513883
141.05421102 -42.1885726
141.582110047 -42.1835192
142.108991981 -42.1707094
142.636898994 -42.136639
143.164790034 -42.2150553
143.691632986 -42.0997255
144.219560981 -42.1122095
144.74644196 -42.135167
145.274350047 -42.1060273
145.80131197 -42.1215063
146.329118013 -42.1523743
146.857027054 -42.1791173
147.383900046 -42.1619335
147.911799073 -42.1797561
148.438652992 -42.1234349
148.966565013 -42.170827
149.493528008 -42.1191328
150.021396041 -42.1174483
150.548217058 -42.1380859
151.076109052 -42.1160806
151.603018045 -42.1262916
152.130897999 -42.1310828
152.658809066 -42.0924553
153.185696006 -42.097285
153.713652015 -42.0682278
154.240453959 -42.0611309
154.76838398 -42.0713949
155.295233965 -42.0669602
155.823237062 -42.0725909
156.351027966 -42.0755823
156.877914071 -42.0488798
157.405822039 -42.0561684
157.932648063 -42.0863363
158.460571051 -42.0498778
158.988499999 -42.052128
159.515408039 -42.0519767
160.043385029 -42.0050939
160.570145011 -42.044379
161.098049998 -42.0481338
161.625944018 -42.0250718
162.152788043 -42.0861822
162.68067205 -42.004966
163.207571983 -42.0023468
163.477586985 -42.0346297
164.023697019 -42.0377063
164.551604033 -42.0514512
165.078471065 -42.0317223
165.606355071 -42.0060028
166.134252071 -41.9700786
166.661143064 -42.0092993
167.189040065 -41.9796621
167.715929031 -41.9794508
168.243836999 -41.9397441
168.770691991 -41.903038
169.298588037 -41.9551875
169.825463057 -41.9573269
170.353484035 -41.9623481
170.880259991 -41.9236643
171.408159971 -41.9163154
171.936089039 -41.9552681
172.46291697 -41.9619271
172.99081707 -41.9239417
173.259845972 -41.929266
173.805920005 -41.9273729
174.333840013 -41.9490345
174.860730052 -41.8915916
175.388602018 -41.9500652
175.915488958 -41.9134757
176.443446994 -41.9004263
176.970263958 -41.9008689
177.498172998 -41.9081026
178.025048018 -41.8878739
178.552904963 -41.8930013
178.822947979 -41.858141
179.368008971 -41.8859427
179.895936012 -41.8377425
180.423956037 -41.8858652
180.950715065 -41.8534322
181.478608966 -41.8252147
182.005477071 -41.8513523
182.533465028 -41.7925444
183.060291052 -41.8229328
183.588171959 -41.7894483
184.115043998 -41.8174848
184.642950058 -41.8177198
185.170824051 -41.8059153
185.697713971 -41.7698738
186.225646973 -41.8076197
186.753563046 -41.7646159
187.280380964 -41.7571454
187.808261991 -41.7025253
188.33524704 -41.7853626
188.864076972 -41.7494126
189.391000986 -41.729328
189.918887973 -41.7020594
190.445755005 -41.7543307
190.973703027 -41.7485302
191.50048399 -41.718977
192.028419018 -41.7152179
192.556295037 -41.7154204
193.083256006 -41.7187718
193.611073017 -41.7178844
194.138960958 -41.7253048
194.665860057 -41.6692946
194.935894012 -41.6936484
195.480960011 -41.6896337
196.008880019 -41.6724868
196.535755992 -41.6652086
197.063654065 -41.6109805
197.590505958 -41.6132948
198.118414998 -41.6870428
198.646296024 -41.664961
199.173280001 -41.6807089
199.701092005 -41.6940068
200.227967978 -41.6640021
200.755853057 -41.6421834
201.283763051 -41.648688
201.811653972 -41.6394235
202.339552999 -41.6297972
202.866425037 -41.5841879
203.394351006 -41.6022484
203.921220064 -41.5656402
204.449164033 -41.5605859
204.975965977 -41.5540708
205.503872991 -41.5222513
206.031767011 -41.5798045
206.558622003 -41.5673251
207.086529016 -41.5189783
207.613458991 -41.4788269
208.141358972 -41.4886244
208.669227004 -41.5380519
208.938205957 -41.5220363
209.483384013 -41.5271044
210.011211038 -41.5002941
210.53907907 -41.5149828
210.808097005 -41.506725
211.35424304 -41.4914186
211.882140994 -41.4600488
212.408956051 -41.4766209
212.936899066 -41.4906577
213.463737011 -41.4889166
213.991647959 -41.4620654
214.519528031 -41.4619072
215.046429992 -41.446548
215.574329019 -41.4979182
216.10117805 -41.4923007
216.629070044 -41.5128343
217.156985044 -41.4888592
217.683878064 -41.4558836
218.211768031 -41.4481554
218.738697052 -41.4555456
219.266530991 -41.4485248
219.793550014 -41.4264693
220.32131505 -41.4111243
220.849222064 -41.4332022
221.376114964 -41.4260464
221.903988957 -41.426732
222.430894017 -41.3958871
222.958788991 -41.3877527
223.48664999 -41.3684938
224.013550997 -41.391451
224.541432977 -41.4586563
225.06932807 -41.3992128
225.59624207 -41.373476
225.866240025 -41.2790981
226.411332011 -41.3009842
226.939231992 -41.3210622
227.467097044 -41.2982681
227.995000958 -41.2875797
228.521906018 -41.3326714
229.04975903 -41.238874
229.576658964 -41.2860435
230.104564071 -41.2857278
230.632459044 -41.2198834
231.159340978 -41.2410231
231.687211037 -41.1977738
232.215121031 -41.2209002
232.741988063 -41.2244655
233.269909978 -41.161251
233.796858072 -41.2253887
234.324756026 -41.2120711
234.85155499 -41.2094118
235.37946105 -41.2747696
235.906396985 -41.2914765
236.434231997 -41.2760725
236.962116003 -41.2480698
237.490020037 -41.2377171
238.017904043 -41.2098665
238.544808984 -41.212022
239.07270205 -41.1372618
239.59958303 -41.2020677
240.127488971 -41.1547217
240.654363036 -41.1968465
241.18225503 -41.1747657
241.710213065 -41.1839964
242.238095999 -41.2292528
242.76493299 -41.1706571
243.292831063 -41.1404008
243.81970799 -41.1354507
244.347607017 -41.1461498
244.874480963 -41.1304814
245.402373075 -41.1460689
245.930266023 -41.1250824
246.457164049 -41.0961416
246.985056996 -41.0793867
247.51296699 -41.1050784
248.039821029 -41.1257627
248.567695022 -41.0657007
249.095618963 -41.0503304
249.622495055 -41.0631239
250.150405049 -41.0466166
250.678313017 -41.0461596
251.205167055 -41.0556213
251.733146071 -41.0375309
252.260946989 -41.0462936
252.78787601 -41.0380814
253.315747976 -41.0251608
253.842625976 -41.0135985
254.370503068 -40.9903747
254.898395061 -41.0051135
255.425319076 -41.0363578
255.953256965 -41.0195403
256.481075048 -41.0256144
257.008033037 -41.0282065
257.535899043 -41.0270308
258.062739015 -40.9690231
258.590630054 -40.9883939
259.117560029 -41.0223596
259.645420074 -41.0666155
260.173390985 -41.0175682
260.700199962 -41.041689
261.228080034 -40.9754613
261.754974961 -41.0026068
262.282863021 -40.9805043
262.810752034 -40.9605715
263.337643027 -40.9673232
263.865539074 -40.9904758
264.393517971 -41.0108301
264.920312047 -40.9659095
265.448210001 -41.0092279
265.975093007 -40.9934193
266.503004074 -40.9802666
267.029867053 -40.9714699
267.557749987 -40.9703557
268.08465302 -40.9680278
268.612534046 -40.9734654
269.140429974 -40.9392197
269.66731298 -40.9140632
270.19521904 -40.9143115
270.723165989 -40.909699
271.250025988 -40.904673
271.519991994 -40.912542
272.06615901 -40.9001483
272.592980027 -40.8828366
273.120877981 -40.8606081
273.647830963 -40.8391452
274.175647974 -40.8601986
274.703556061 -40.8662113
275.230455041 -40.8455109
275.758321047 -40.8608963
276.28522706 -40.8303213
276.81320405 -40.8584683
277.339995027 -40.8243491
277.867895961 -40.8853051
278.395786047 -40.869068
278.922734022 -40.9017126
279.450623989 -40.8248081
279.978514075 -40.8386186
280.505344033 -40.8283958
281.033297062 -40.8092421
281.560111046 -40.8398368
282.088014007 -40.7876619
282.615929008 -40.7703031
283.142809987 -40.7743823
283.670680046 -40.8257591
284.19758606 -40.8020658
284.725455046 -40.8091559
285.252336025 -40.7963672
285.780287027 -40.7655472
286.307132959 -40.7929628
286.835028052 -40.7456143
287.36293304 -40.7251645
287.88982904 -40.7302309
288.417701006 -40.7663096
288.944573998 -40.7594903
289.472458959 -40.7382379
290.000370979 -40.740108
290.527274966 -40.7573622
291.055147052 -40.7651543
291.582018971 -40.7316832
292.109914064 -40.7128133
292.636852026 -40.7654447
293.164738059 -40.7446044
293.692625999 -40.7093339
294.219472051 -40.7375603
294.747398019 -40.6750066
295.275281072 -40.6891567
295.803259015 -40.6790671
296.330047011 -40.6865097
296.857957006 -40.6700984
297.384829998 -40.6708081
297.912726045 -40.6763229
298.440600038 -40.64993
298.967494965 -40.6237982
299.495373964 -40.6736749
300.022261977 -40.649165
300.550202966 -40.6524732
300.819172025 -40.6365665
301.365350008 -40.6333978
301.893306971 -40.6432413
302.420045018 -40.6606737
302.947959065 -40.6362321
303.475843072 -40.5999345
304.002737999 -40.5958099
304.530596972 -40.6081028
305.058500051 -40.5657868
305.585404038 -40.596413
306.113393068 -40.5962706
306.641183972 -40.5861149
307.168074965 -40.5941654
307.695999026 -40.5792672
308.223863006 -40.5627901
308.750836968 -40.5613025
309.278671026 -40.5986644
309.805515051 -40.5429651
310.333508968 -40.5438216
310.861320019 -40.5643369
311.389204979 -40.5308943
311.916076064 -40.5229591
312.443971992 -40.5416539
312.970859051 -40.5493543
313.498775005 -40.5764238
314.025653005 -40.5423388
314.553524017 -40.5149551
315.080399036 -40.4778759
315.608293056 -40.4733438
316.136203051 -40.4989869
316.663241029 -40.5061907
317.190973997 -40.4954837
317.459985971 -40.5163931
318.006121993 -40.5266508
318.533982038 -40.5226852
319.061897039 -40.4940427
319.588741064 -40.5091764
320.116688967 -40.5051292
320.644556046 -40.5069719
321.171429992 -40.531088
321.699310064 -40.4669752
322.226204038 -40.475812
322.754157066 -40.4946664
323.281991959 -40.474596
323.808920979 -40.477085
324.336817026 -40.4779725
324.864757061 -40.4566363
325.391543031 -40.4510416
325.919447064 -40.4537783
326.446364045 -40.448052
326.974245071 -40.4296061
327.502133965 -40.4225864
328.029008985 -40.4363962
328.556902051 -40.4211668
329.083786964 -40.4089667
329.611701965 -40.3914632
330.139572978 -40.3754646
330.666458011 -40.3922625
331.194360018 -40.3886044
331.721279979 -40.4189915
332.249157071 -40.4055585
332.77601397 -40.4213426
333.303910017 -40.4096388
333.831804991 -40.3819343
334.358662963 -40.4164766
334.628689051 -40.4233143
335.173915029 -40.4102852
335.701665998 -40.3779778
336.229562998 -40.3913433
336.756438971 -40.3766903
337.284345031 -40.3724541
337.811249971 -40.3781452
338.339123964 -40.3702054
338.866073012 -40.3683523
339.394042015 -40.3514584
339.921818972 -40.3688982
340.448673964 -40.380252
340.976616979 -40.3740025
341.50355196 -40.3617713
342.03136003 -40.3328313
342.559273005 -40.3410409
343.086151958 -40.355159
343.614037991 -40.3247296
344.140899062 -40.3237631
344.668801069 -40.3298165
345.19573307 -40.3341219
345.723634958 -40.336411
346.250458002 -40.3166521
346.520511031 -40.3428411
347.066601038 -40.3511456
347.59356606 -40.3480303
348.121366978 -40.325364
348.649257064 -40.3222544
349.17614305 -40.3151785
349.70402205 -40.29293
350.231920958 -40.2979654
350.758807063 -40.3150855
351.286684036 -40.3160784
351.556724072 -40.3094072
352.101827979 -40.3099076
352.629691958 -40.2954328
353.156617045 -40.3057474
353.684565067 -40.2910823
354.211356997 -40.2878077
354.739255071 -40.2655162
355.266155005 -40.2668098
355.794020057 -40.2746516
356.321945071 -40.2579329
356.848823071 -40.2497687
357.376700044 -40.2601986
357.903619051 -40.2540692
358.431475043 -40.2367311
358.959387064 -40.2390835
359.486256957 -40.2306243
360.014191031 -40.2589179
360.541082978 -40.2407595
361.068978071 -40.2442823
361.595820069 -40.2575834
362.12373507 -40.250779
362.651609063 -40.2477232
363.178483963 -40.2264343
363.706426978 -40.2179478
364.233335972 -40.2203863
364.761162043 -40.2092884
365.289070964 -40.2097953
365.816944003 -40.1813684
366.343832016 -40.2012969
366.87173903 -40.1792451
367.399636984 -40.1974127
367.926537037 -40.2009741
368.454478025 -40.2279839
368.981286049 -40.2152882
369.509202003 -40.1974209
370.036079049 -40.182106
370.563989043 -40.1809541
370.834007978 -40.1977674
371.379040003 -40.1968805
371.906952977 -40.21055
372.434898973 -40.2220221
372.703848958 -40.2063538
373.249956012 -40.201571
373.776831985 -40.1985113
374.304756999 -40.1799086
374.832627058 -40.185171
375.359528065 -40.1823872
375.88745296 -40.1699499
376.414335966 -40.1502091
376.942165971 -40.1682203
377.469078064 -40.1700063
377.996988058 -40.190109
378.523848057 -40.1856416
379.051759005 -40.1806632
379.578602076 -40.1628372
380.106508017 -40.1746155
380.633496046 -40.1578015
381.161262035 -40.1437091
381.689182043 -40.1521286
382.217108965 -40.1561325
382.487099051 -40.1592559
383.03226006 -40.1739066
383.56013298 -40.1813674
384.086968064 -40.1744707
384.614853024 -40.1576828
385.142768025 -40.1688255
385.669625044 -40.1453288
386.196514964 -40.1607884
386.724406004 -40.1478697
387.25129199 -40.1457623
387.779206038 -40.1402323
388.307082057 -40.1543462
388.833971024 -40.1403671
389.361886024 -40.1311017
389.888828993 -40.1414545
390.416651011 -40.1341274
390.944545031 -40.1406075
391.472409964 -40.1155438
391.99930799 -40.1482197
392.527251005 -40.1339972
393.055096984 -40.1571983
393.581984043 -40.150118
394.109891057 -40.1346492
394.637775064 -40.1512385
395.164713025 -40.166843
395.692548037 -40.15799
396.219437003 -40.150705
396.747328997 -40.1439954
397.274271011 -40.1621778
397.802168012 -40.160929
398.328996062 -40.1674443
398.59899807 -40.1703215
399.145097971 -40.1710787
399.671983004 -40.1463882
400.199890018 -40.1191276
400.726783991 -40.1472671
401.254667997 -40.1347826
401.782566071 -40.1560016
402.30946207 -40.1847718
402.83734405 -40.1636911
403.36421299 -40.173846
403.89211905 -40.1377082
404.419038057 -40.1523005
404.946946979 -40.1820602
405.473783016 -40.1916573
406.001667023 -40.1905055
406.529605985 -40.1911454
407.056439996 -40.1795064
407.584336042 -40.1785879
408.111242056 -40.1764894
408.639117002 -40.1829231
409.167023063 -40.1813479
409.693907022 -40.1928075
410.221799016 -40.2029726
410.748677015 -40.2374861
411.276556015 -40.2406384
411.804458022 -40.2279405
412.331328034 -40.2686147
412.859250069 -40.2281358
413.386152029 -40.2439026
413.914041996 -40.2236197
414.441904068 -40.2224022
414.968793988 -40.1981437
415.23882997 -40.2190061
415.783897996 -40.2015902
416.311789036 -40.223876
416.838683009 -40.2020748
417.366567016 -40.212946
417.894474983 -40.226772
418.421362996 -40.2780581
418.949241042 -40.2611291
419.476160049 -40.2365496
419.746155024 -40.240246
420.291229963 -40.23808
420.819166064 -40.2487808
421.34701705 -40.1942227
421.873939991 -40.2090622
422.401785016 -40.1997917
422.928681016 -40.207236
423.456583977 -40.1946019
423.984472036 -40.211746
424.511344075 -40.2229442
425.03924799 -40.2654072
425.566120982 -40.2727087
426.094074965 -40.2641689
426.621994019 -40.2544434
427.148795962 -40.2379167
427.676688075 -40.2162901
428.203629017 -40.2529395
428.731482983 -40.2612662
429.259369969 -40.2729126
429.786288023 -40.2566909
430.314139009 -40.2628785
430.841022968 -40.2590605
431.368928075 -40.2346408
431.895812035 -40.2425215
432.423810005 -40.2618393
432.951593041 -40.2798514
433.478540063 -40.2416228
434.006466985 -40.2472765
434.533365011 -40.2561703
435.06112802 -40.2498412
435.589065075 -40.2599906
436.115934968 -40.2718512
436.64381206 -40.2580713
437.170717001 -40.2839953
437.69859004 -40.2924106
438.226523995 -40.3230962
438.75345397 -40.2898932
439.281275034 -40.2854034
439.808189034 -40.284881
440.336048007 -40.2960516
440.864022017 -40.2482107
441.391898036 -40.2714139
441.918742061 -40.2772474
442.446622968 -40.2884053
442.973541021 -40.2827596
443.501401067 -40.2754887
444.029303074 -40.2720066
444.556172013 -40.3174208
445.084095001 -40.3105908
445.610993028 -40.2913079
446.13885498 -40.3422254
446.665719032 -40.3325011
447.193665981 -40.3440926
447.720587969 -40.3191983
447.990537047 -40.3450061
448.536677003 -40.3467114
449.063614011 -40.3462883
449.591428041 -40.2900396
450.119299054 -40.3168825
450.646174073 -40.2999304
451.174090981 -40.3077085
451.70096004 -40.3132496
452.228868008 -40.2973405
452.756787062 -40.3073404
453.283634067 -40.3578128
453.811524034 -40.3996429
454.338433981 -40.3800134
454.86630702 -40.4070282
455.393349051 -40.3723271
455.921079993 -40.3764117
456.448982 -40.3788833
456.975859046 -40.4011213
457.503740072 -40.3809142
458.030642033 -40.3492061
458.558533072 -40.374223
459.086431026 -40.4136826
459.613379002 -40.424839
460.141252041 -40.4298816
460.669095039 -40.4427885
461.195989013 -40.45726
461.723922014 -40.4834396
462.250766039 -40.4198021
462.77869904 -40.39728
463.305528045 -40.4299088
463.833552003 -40.4138154
464.360309005 -40.4169615
464.888224006 -40.4771699
465.416115999 -40.4698308
465.942999959 -40.4396935
466.470898032 -40.4674243
466.997781038 -40.4991392
467.525680065 -40.5064888
468.052551985 -40.5435919
468.580414057 -40.5529524
469.108330965 -40.5531557
469.635239005 -40.5065711
470.16327703 -40.4647675
470.690000057 -40.5128454
471.218932986 -40.5547977
471.745817065 -40.4753729
472.273687959 -40.5178484
472.80056107 -40.5404486
473.328471065 -40.5218093
473.855355978 -40.4752268
474.383275032 -40.4230094
474.910127997 -40.4818099
475.438012958 -40.5655791
475.965921044 -40.5823553
476.49278605 -40.5629356
477.020711064 -40.538092
477.54864502 -40.5878033
478.075482965 -40.5832181
478.603466988 -40.5503966
479.131263018 -40.5529412
479.658131003 -40.5712002
480.186066031 -40.6019718
480.713950038 -40.5586976
481.241819978 -40.5994997
481.768718004 -40.5562859
482.296611071 -40.4838753
482.823557973 -40.5245347
483.351407051 -40.5409891
483.879289985 -40.6048098
484.406144023 -40.6416169
484.934087038 -40.5971846
485.461941957 -40.5794165
485.98883307 -40.587204
486.258841038 -40.6042208
486.804967999 -40.5778455
487.331842065 -40.6478802
487.859722018 -40.6134232
488.386600018 -40.5978435
488.914515018 -40.6527314
489.442376971 -40.6744958
489.970283985 -40.6554092
490.497186065 -40.645917
491.025073051 -40.6573209
491.551939964 -40.7169147
492.079867959 -40.6815243
492.607753038 -40.6420402
493.135634065 -40.706878
493.662554026 -40.7146397
494.190481067 -40.7576711
494.717319965 -40.7407867
495.245187044 -40.6917834
495.773185015 -40.6917963
496.300981045 -40.8000823
496.827888012 -40.7737478
497.355751991 -40.7354316
497.882676959 -40.7328936
498.410516977 -40.7693564
498.938431978 -40.740775
499.465347052 -40.7672239
499.993255973 -40.7551187
500.520078063 -40.7149594
501.047988057 -40.7482348
501.575878024 -40.8187694
502.102791071 -40.8581657
502.63064301 -40.7885425
503.157559991 -40.8152044
503.685476065 -40.8784573
504.212334037 -40.7746906
504.74020505 -40.8135401
505.267132998 -40.8776438
505.79500103 -40.8722358
506.322883964 -40.8478388
506.849758029 -40.8844484
507.378669024 -40.888251
507.905555964 -40.8623533
508.433521986 -40.7952416
508.960402966 -40.8055847
509.230394959 -40.8371942
509.775454998 -40.821099
510.303421974 -40.8809996
510.830222011 -40.9176445
511.358119011 -40.987391
511.886002064 -40.9360625
512.413905978 -40.9738008
512.940791965 -40.9452967
513.468672037 -40.8646444
513.996587992 -40.9035862
514.523550987 -40.9549912
515.051378965 -40.9488019
515.579252005 -41.0292726
516.10613203 -41.0256443
516.634057999 -41.0931511
517.160912991 -41.0733276
517.688819051 -41.0800753
518.216711998 -41.0195334
518.743577957 -41.0961479
519.27147603 -41.0881596
519.798367023 -41.0320776
520.326285958 -41.0590741
520.596269011 -40.972039
521.141363978 -40.9720441
521.669241071 -40.9670538
522.197193027 -41.1496976
522.724035978 -41.0586845
523.251924992 -41.0256466
523.778828025 -41.0679853
524.306756973 -41.1001904
524.834639072 -41.1154879
525.36145997 -41.1299089
525.889394999 -41.0913351
526.416252017 -41.1278866
526.944162965 -41.1283783
527.472040057 -41.1469068
527.998939991 -41.1254552
528.526838064 -41.142895
529.054715991 -41.1688593
529.581624985 -41.2572825
530.109498978 -41.1849788
530.636381984 -41.1901252
531.164285064 -41.222597
531.692159057 -41.2191525
532.219109058 -41.2144068
532.746942997 -41.1646117
533.274849057 -41.2217699
533.801733017 -41.2463734
534.329627991 -41.2272651
534.856513023 -41.2601223
535.384431958 -41.2412143
535.911283016 -41.2229049
536.43918097 -41.2696405
536.709182024 -41.3154011
537.254276991 -41.3478977
537.782181025 -41.2868156
538.310068011 -41.3335847
538.836945057 -41.3091441
539.364863038 -41.3651645
539.892753005 -41.3830295
540.419641972 -41.3768227
540.947533965 -41.360346
541.217532992 -41.4099852
541.762619019 -41.3739565
542.290531993 -41.434132
542.817417026 -41.4117592
543.345280051 -41.3441404
543.873272061 -41.4197488
544.400043964 -41.4402906
544.927957058 -41.4694642
545.455888987 -41.4526901
545.982735038 -41.4471791
546.510657072 -41.3606614
547.038531065 -41.3382142
547.565461993 -41.4131016
548.093502045 -41.4295259
548.62124896 -41.4356239
549.148115993 -41.4724012
549.675987959 -41.4230666
550.202857018 -41.5340905
550.730754972 -41.4741829
551.257632017 -41.4892312
551.785562038 -41.5442512
552.313534975 -41.5144519
552.840324044 -41.4706329
553.368221998 -41.4582116
553.637230039 -41.50266
554.183393002 -41.507542
554.711187959 -41.4462925
555.238144994 -41.535905
555.508116961 -41.5131968
556.053261995 -41.5211774
556.58108604 -41.5876007
557.10899806 -41.5042161
557.635877013 -41.5404098
558.163764 -41.5468397
558.691644073 -41.5547183
559.218558073 -41.569248
559.746432066 -41.4872028
560.273455977 -41.6121905
560.801234961 -41.5882569
561.328086972 -41.5962108
561.856994987 -41.6280386
562.383908987 -41.6524129
562.911777973 -41.6535812
563.181782007 -41.6207038
563.726881027 -41.6619584
564.254798055 -41.6862477
564.78166306 -41.6410324
565.309553981 -41.7272651
565.837453008 -41.6999926
566.364354014 -41.7017869
566.892282963 -41.7039308
567.420129061 -41.6932348
567.947033048 -41.705507
568.474910975 -41.6890789
569.001811981 -41.6957296
569.529675007 -41.6643667
570.056603074 -41.67447
570.584508061 -41.6408861
571.111374021 -41.7104307
571.639232039 -41.7120166
572.167149067 -41.7546212
572.694012046 -41.7579548
573.221894026 -41.7019271
573.748795033 -41.7255843
574.27668798 -41.7626495
574.803595066 -41.7619702
575.331461072 -41.7804773
575.858348966 -41.7807201
576.386221051 -41.7077911
576.914142013 -41.774294
577.441087008 -41.8012327
577.969012022 -41.837886
578.496826053 -41.8296942
579.023689985 -41.8669506
579.55162406 -41.8855742
580.078464031 -41.8475488
580.606373072 -41.8496289
581.134279013 -41.8255217
581.66111505 -41.8716459
582.189018965 -41.8281654
582.716925979 -41.8861749
583.244858027 -41.8702199
583.771707058 -41.9263592
584.299602032 -41.8843651
584.826521039 -41.8873849
585.354470968 -41.8780641
585.882382035 -41.8958959
586.409178972 -41.9176419
586.937051058 -41.9095632
587.464971066 -41.9410983
587.991852045 -41.9293566
588.519716978 -41.9434153
589.046629071 -41.9348066
589.574504972 -41.8979321
590.101377964 -41.989031
590.629283071 -41.9506748
591.156172037 -41.8691696
591.684069037 -41.9173308
592.211941004 -41.965651
592.738945961 -41.979153
593.266746998 -42.0402823
593.79361999 -42.0296903
594.322532058 -42.0434622
594.849411964 -42.083623
595.377359986 -42.0301971
595.904188037 -42.1156344
596.432064056 -42.1169351
596.95896697 -42.0551096
597.486891985 -42.0316872
598.013746977 -42.1110381
598.541663051 -42.1165576
598.810647964 -42.1335508
599.356734037 -42.0774884
599.883635998 -42.1130342
600.411520004 -42.1564336
600.938438058 -42.1479654
601.466318965 -42.1135215
601.993241072 -42.1636629
602.52105999 -42.1733284
603.047955036 -42.1782703
603.575857997 -42.1439429
604.102756977 -42.1975693
604.63064301 -42.159367
605.158508062 -42.1623005
605.68543005 -42.1396793
606.213395 -42.1703021
606.740185022 -42.1197853
607.269163013 -42.1674554
607.538087964 -42.2087394
608.084208965 -42.2038266
608.611078978 -42.1846804
609.138969064 -42.2308453
609.665876031 -42.2098392
610.193765044 -42.210446
610.720635056 -42.2540936
610.990684986 -42.2501223
611.536753058 -42.2407725
612.063632965 -42.2807465
612.591526031 -42.2622555
613.118402004 -42.2355768
613.646321058 -42.2765652
614.174210072 -42.2337585
614.701110005 -42.2598762
615.228991032 -42.2938611
615.755879998 -42.2869455
616.283763051 -42.3032546
616.811681032 -42.2796526
617.33852005 -42.3308484
617.866438985 -42.3101784
618.394325972 -42.2559778
618.92119205 -42.2735724
619.449117064 -42.3030738
619.976997018 -42.3189807
620.503877997 -42.343804
621.031777978 -42.3036524
621.559653044 -42.3114012
622.086583018 -42.3129223
622.614459038 -42.3033246
623.142333984 -42.3491758
623.669229031 -42.323364
624.197134972 -42.313331
624.724997997 -42.3374523
625.25189805 -42.3186508
625.779803038 -42.3636853
626.307705998 -42.3520806
626.834599018 -42.3642877
627.362447977 -42.3707456
627.890352011 -42.3713512
628.417247057 -42.394379
628.945134044 -42.3735415
629.47201705 -42.3883393
629.999994993 -42.3460344
630.527850986 -42.3404416
631.054705977 -42.3506455
631.582620025 -42.4153093
632.109462976 -42.3809069
632.637372971 -42.3760877
633.16525197 -42.4049445
633.692116976 -42.4103686
634.220034957 -42.3731597
634.746914029 -42.4232184
635.274819016 -42.3955183
635.801714063 -42.3909681
636.329630971 -42.3892551
636.857477069 -42.4106914
637.385429978 -42.3946373
637.912279963 -42.412744
638.440168023 -42.4234416
638.710183024 -42.4313562
639.256267071 -42.4045329
639.783244014 -42.3954885
640.311061025 -42.4486857
640.838953018 -42.4203094
641.365831971 -42.4178898
641.893741965 -42.4083042
642.420593977 -42.4259325
642.948538065 -42.4617594
643.475370049 -42.4572131
643.745411038 -42.4258113
644.290502071 -42.4468812
644.818369031 -42.4239258
645.34631598 -42.4400063
645.873244047 -42.4330325
646.401041985 -42.4360245
646.928956985 -42.4460436
647.455821991 -42.4602477
647.983734012 -42.4455779
648.510622978 -42.4425468
649.038521051 -42.4438627
649.565392971 -42.4614273
650.093392968 -42.4757715
650.620177031 -42.4488641
651.14804697 -42.4313361
651.674983978 -42.4552386
652.202877045 -42.4580176
652.730779052 -42.4511029
653.25869596 -42.4478944
653.785536051 -42.4620532
654.31351006 -42.4600956
654.840291977 -42.4411271
655.368196964 -42.4879688
655.896120071 -42.4401771
656.422975063 -42.4317036
656.950842977 -42.4831468
657.478754997 -42.4419109
658.00564003 -42.4694228
658.533607006 -42.4459747
659.060425997 -42.4620958
659.58830297 -42.4565901
660.116250992 -42.436614
660.643182993 -42.4698052
661.170976043 -42.4568841
661.697878003 -42.4474454
662.225759029 -42.4705441
662.753676057 -42.4453023
663.280539036 -42.441756
663.80843997 -42.4488098
664.335316062 -42.4523884
664.863255024 -42.4480265
665.390089035 -42.427777
665.91899097 -42.4556412
666.445881963 -42.4326523
666.973767996 -42.4577
667.500723004 -42.4199783
668.028616071 -42.4444491
668.555451035 -42.4539452
669.08344698 -42.4300687
669.611230969 -42.4066429
670.138131022 -42.4220892
670.666031003 -42.4466695
671.193911076 -42.419003
671.720782042 -42.4251517
672.248668075 -42.3974225
672.776576042 -42.3840775
673.303591967 -42.3841905
673.831344962 -42.4216445
674.359233975 -42.4074854
674.887161016 -42.4262714
675.414087057 -42.3901032
675.941969037 -42.3853621
676.468834996 -42.3819181
676.996703982 -42.3993612
677.524589062 -42.4007487
678.051496029 -42.3854796
678.579370975 -42.3881983
679.106268048 -42.3656535
679.634155989 -42.3799598
680.162028074 -42.3843935
680.688922048 -42.329902
681.216824055 -42.3621158
681.744732976 -42.3072453
682.013740063 -42.3709546
682.559818029 -42.3692793
683.08673799 -42.3559747
683.614652991 -42.3631717
684.142533064 -42.343168
684.669402957 -42.3346505
685.197263002 -42.3225953
685.724148035 -42.2954868
686.252050996 -42.2984882
686.778946042 -42.2997747
687.306828022 -42.3044997
687.834755063 -42.2873253
688.361592054 -42.2727562
688.889500022 -42.2887335
689.417433023 -42.2701894
689.944439054 -42.2746513
690.472182989 -42.3137808
691.00011301 -42.2675077
691.526957035 -42.3038494
692.054867029 -42.3059161
692.581722021 -42.3200984
693.109627962 -42.2721445
693.636546016 -42.2359289
694.164417982 -42.2493896
694.691285968 -42.2201733
695.219182014 -42.2200628
695.746064067 -42.2761955
696.273967028 -42.2535305
696.801841021 -42.2242783
697.329740047 -42.2246613
697.856677055 -42.1686252
698.384572029 -42.1436195
698.911432028 -42.2041954
699.439308047 -42.171975
699.967218041 -42.1940403
700.494096041 -42.1365182
701.021993995 -42.1236979
701.548851967 -42.1232927
702.075736046 -42.1170787
702.603659987 -42.0726079
703.130522013 -42.1096978
703.658449054 -42.096141
704.187301993 -42.0723992
704.715198994 -42.1218903
705.242137074 -42.1163239
705.770033002 -42.1184392
706.296913028 -42.0872468
706.824808002 -42.0990942
707.352658033 -42.079928
707.879549026 -42.0919726
708.407443047 -42.1527289
708.934332013 -42.0558435
709.462220073 -42.0807412
709.989094973 -42.1291911
710.516991973 -42.1273434
711.043874025 -42.0512672
711.571763039 -42.1304015
712.099673986 -42.1195643
712.626654983 -42.0489344
713.154515982 -42.0498331
713.681326032 -42.0404267
714.209272981 -42.0311164
714.737125993 -42.1293672
715.264019012 -42.1305359
715.791920066 -42.0342721
716.318765998 -42.0241615
716.846686006 -41.9517738
717.373564005 -42.0138565
717.901484013 -41.9978385
718.429378986 -41.9606452
718.956230998 -41.9774233
719.484124064 -41.9500896
719.75417304 -41.9091923
720.299314976 -41.9238534
720.82713306 -41.8668927
721.354003072 -41.9732751
721.882940054 -41.9376967
722.409777999 -41.8749958
722.937687039 -41.862967
723.465594053 -41.8771005
723.993568063 -41.8372359
724.521402001 -41.8986857
725.048272967 -41.941849
725.576191068 -41.9308101
726.103145003 -41.925107
726.630930066 -41.8811381
727.157842994 -41.851372
727.685703993 -41.8287906
728.213626027 -41.8211475
728.74151504 -41.8246875
729.010504961 -41.8253891
729.55667603 -41.8222853
730.084524035 -41.8410395
730.611382961 -41.8335201
731.139322996 -41.790711
731.666164041 -41.7505231
732.194043994 -41.7690564
732.721948981 -41.7528321
733.248839021 -41.705445
733.776717067 -41.7399058
734.304627061 -41.7248837
734.831514001 -41.6744421
735.359398961 -41.7633461
735.886285067 -41.7577389
736.41415 -41.7466911
736.942116976 -41.7607249
737.468966961 -41.7280787
737.73894906 -41.6569736
738.284080029 -41.6393234
738.811961055 -41.5926682
739.339845061 -41.6106188
739.866762042 -41.6395799
740.393689036 -41.6166591
740.921532989 -41.6857128
741.191491961 -41.6641353
741.736613989 -41.618652
742.264525056 -41.5384075
742.791388988 -41.5265292
743.319288015 -41.5452596
743.847200036 -41.5435306
744.375084043 -41.6120921
744.901959062 -41.5837287
745.429852962 -41.5689698
745.956739068 -41.4937048
746.484670997 -41.5452038
747.011509061 -41.5619544
747.539411068 -41.5282455
748.066312075 -41.4720128
748.594177961 -41.4301858
749.121073961 -41.509816
749.648957968 -41.4086584
750.176848054 -41.4283227
750.703817964 -41.4272947
751.231703043 -41.3957598
751.758522034 -41.4073618
752.286431074 -41.4245482
752.814328074 -41.4389044
753.341187 -41.4123785
753.869101048 -41.4036877
754.395964026 -41.4235971
754.923882008 -41.3928275
755.451760054 -41.3850502
755.97866106 -41.3725196
756.506522059 -41.3829428
757.033532023 -41.3151685
757.303518057 -41.36965
757.848630071 -41.3900706
758.376464009 -41.4363401
758.90436101 -41.3820335
759.432252049 -41.2995377
759.959113002 -41.3478205
760.487002969 -41.3732138
761.013879061 -41.3721225
761.541738987 -41.3121775
762.069638014 -41.3513088
762.596529007 -41.3872151
763.124441028 -41.3249482
763.652348995 -41.3065515
764.179215074 -41.3476252
764.707108021 -41.335159
765.234995961 -41.298602
765.761898041 -41.3235894
766.289816022 -41.3313656
766.816676974 -41.3459405
767.344565988 -41.346548
767.872470021 -41.2895655
768.399319053 -41.2872659
768.927240968 -41.234424
769.455159068 -41.2085482
769.98202002 -41.1630462
770.509902 -41.1559216
771.036792994 -41.1827655
771.564689994 -41.1640108
772.091547012 -41.1205417
772.61946702 -41.1493162
773.146425962 -41.1400847
773.674280047 -41.0872457
774.202197075 -41.2477309
774.729012012 -41.1424758
775.256911993 -41.1622081
775.783796072 -41.1450313
776.311681986 -41.0762762
776.838621974 -41.1393247
777.366443992 -41.180494
777.893442988 -41.1212968
778.421259999 -41.0887941
778.949126959 -41.0356819
779.476029038 -40.9606087
780.003916979 -41.0302513
780.53183198 -40.9761966
781.058711052 -40.9585058
781.586598992 -41.0341106
782.114482045 -41.0323864
782.641386986 -40.9949534
783.169290066 -41.042873
783.696156025 -41.0285679
784.224071026 -40.9854424
784.751953959 -40.9814703
785.278815985 -41.0107165
785.806732059 -40.9470213
786.334624052 -40.9700305
786.861500025 -40.9454164
787.389382005 -40.9255141
787.916329026 -40.8685304
788.444254994 -40.8006703
788.971052051 -40.8569171
789.498962045 -40.8304246
790.025864005 -40.8164172
790.554746032 -40.7952071
791.081632972 -40.7646707
791.609513998 -40.7272717
792.137410045 -40.7683694
792.664298058 -40.7724529
793.191151023 -40.790321
793.719056964 -40.8403396
794.246960998 -40.7903816
794.773841977 -40.8340806
795.301723957 -40.7003338
795.82971096 -40.7459852
796.35651803 -40.7050952
796.884417057 -40.6910011
797.412322998 -40.675098
797.93919301 -40.6883746
798.467082024 -40.7110926
798.994982958 -40.7140997
799.521857023 -40.7223267
800.049759984 -40.7120866
800.576631069 -40.6485332
801.104539037 -40.6409986
801.632457972 -40.6759784
802.160331011 -40.7325995
802.688212991 -40.7315371
803.216122031 -40.6923293
803.742992043 -40.7883327
804.270887971 -40.6551055
804.797788978 -40.671811
805.325713038 -40.638368
805.853579998 -40.6707366
806.380455017 -40.6800331
806.908362031 -40.6445673
807.43523097 -40.6180308
807.963222027 -40.5608265
808.489977002 -40.587907
809.017915964 -40.5863652
809.54578805 -40.5833965
810.072672009 -40.6614877
810.600713015 -40.6095874
811.127513051 -40.6495082
811.655405045 -40.6583996
812.183361053 -40.625343
812.710141063 -40.5686474
813.238036036 -40.5382215
813.765920997 -40.5859886
814.292808056 -40.5085764
814.82073307 -40.4804671
815.347568989 -40.4625343
815.875491977 -40.4765919
816.402374029 -40.4682681
816.930230021 -40.4509612
817.457134962 -40.4423624
817.985035062 -40.4364432
818.512928963 -40.3504783
819.039800048 -40.4329495
819.567718983 -40.4848913
820.095610023 -40.4504434
820.622485995 -40.4579008
821.150372028 -40.4385671
821.677245975 -40.4381009
822.205193043 -40.4113821
822.732027054 -40.418098
823.259942055 -40.4270993
823.787863016 -40.4309815
824.314717054 -40.4086056
824.842611074 -40.4098492
825.369541049 -40.3910916
825.897441983 -40.4583393
826.425327063 -40.3264272
826.694282055 -40.3839721
827.240386963 -40.3821463
827.76829803 -40.3758515
828.295158982 -40.2954558
828.823184013 -40.3049464
829.350944996 -40.2989209
829.877840996 -40.282302
830.147858024 -40.2771131
830.692921042 -40.2682383
831.221850991 -40.2161639
831.490828991 -40.2255771
832.036947012 -40.2419448
832.563830972 -40.2304177
833.091755986 -40.2471138
833.618609071 -40.2365521
834.146540999 -40.2473925
834.674460053 -40.2702033
835.201279044 -40.2442519
835.729179978 -40.1871409
836.257088065 -40.2640358
836.783980012 -40.2161883
837.311843038 -40.2495346
837.839742064 -40.2246629
838.366616964 -40.179346
838.894526005 -40.1976392
839.42140305 -40.2352565
839.949277997 -40.1580303
840.476199985 -40.1619864
841.004076004 -40.1439578
841.53195405 -40.1691111
842.058905005 -40.1182444
842.586760044 -40.1546692
843.113656998 -40.1342533
843.641525984 -40.1227616
844.168405056 -40.134565
844.696282983 -40.1077337
845.224195957 -40.1189432
845.751129031 -40.0883485
846.278982043 -40.1589465
846.805866957 -40.0776386
847.333755016 -40.0641076
847.86066401 -40.0662625
848.388545036 -40.0792937
848.915412068 -40.0899414
849.443374038 -40.1255215
849.971209049 -40.1212461
850.498115063 -40.1168874
851.026008964 -40.087308
851.552881002 -40.0592364
852.080762982 -40.062966
852.607650042 -40.0602422
853.135547042 -40.0784064
853.662446022 -40.0646012
854.190317035 -40.0300487
854.717234969 -40.0745391
855.245141029 -40.1044767
855.773162961 -40.0903204
856.299869061 -40.0522617
856.569923997 -40.0169301
857.114982009 -39.9968573
857.642886043 -40.0014274
858.169757009 -39.9844034
858.697658062 -39.9694728
859.224552035 -40.0164642
859.752420068 -39.9767512
860.280346036 -40.0175593
860.807229996 -39.976008
861.335101962 -39.9561844
861.862002969 -39.9525366
862.38994503 -39.9635244
862.91781497 -39.9832147
863.444671988 -39.95273
863.971534967 -39.9259489
864.499426007 -39.9533386
865.027320981 -39.9656388
865.554216981 -39.9057504
866.08210206 -39.9300309
866.608996034 -39.9373379
867.136873007 -39.9095456
867.663764 -39.9308884
868.191696048 -39.9673119
868.718587995 -39.9536157
869.246523023 -39.9424891
869.774405003 -39.9357122
870.301208019 -39.9284867
870.829138041 -39.9522922
871.099135995 -39.938453
871.645231962 -39.9103124
872.172144055 -39.9343776
872.699997067 -39.9398178
872.969002008 -39.9460892
873.515105009 -39.9634887
874.041975975 -39.9436392
874.569879055 -39.9482708
875.097768068 -39.9102618
875.624670029 -39.9175333
876.152557015 -39.9313527
876.680431008 -39.8997324
877.208348036 -39.8925861
877.736299038 -39.899638
878.263200998 -39.8882694
878.791005015 -39.8442896
879.318938971 -39.8061361
879.845829964 -39.7898205
880.37369597 -39.7983719
880.900583982 -39.8390976
881.428457975 -39.8456299
881.955347061 -39.8741026
882.483324051 -39.8421662
883.010128975 -39.8380832
883.538025975 -39.8272178
884.065922022 -39.8447603
884.592859983 -39.8240629
885.120727062 -39.8125751
885.64865005 -39.7972151
886.175474048 -39.7866082
886.703451991 -39.7665568
887.230272055 -39.7688217
887.758148074 -39.7556243
888.286043048 -39.7492966
888.812927008 -39.7886221
889.339797974 -39.75427
889.867689013 -39.7652387
890.395604968 -39.7615427
890.922492027 -39.733786
891.450363994 -39.7891971
891.978273988 -39.720409
892.506203055 -39.742378
893.034106016 -39.748896
893.56092 -39.7371292
894.088863015 -39.7136302
894.615743041 -39.741003
895.143602967 -39.7139878
895.670493007 -39.7098345
896.198392987 -39.7162676
896.725288033 -39.7344124
897.253249049 -39.7321185
897.78105402 -39.7290956
898.308977008 -39.6865801
898.836853027 -39.6995745
899.364776015 -39.6785906
899.891645074 -39.7021499
900.419530988 -39.6894602
900.946421027 -39.7063052
901.474344015 -39.7035752
902.002207994 -39.6672857
902.529105067 -39.658838
903.056998968 -39.6562981
903.583867073 -39.6828048
904.111788034 -39.6830267
904.63863802 -39.6205366
905.166542053 -39.62395
905.693523049 -39.6398537
906.22132802 -39.6193492
906.49138701 -39.6492286
907.036435008 -39.6000106
907.564308047 -39.6410991
908.091215014 -39.6138852
908.618090987 -39.6323429
909.145982027 -39.6392229
909.673923969 -39.6238709
910.200751066 -39.6301646
910.728633046 -39.6839595
911.256559014 -39.6723093
911.784430027 -39.6514111
912.31130898 -39.6349206
912.839218974 -39.6477591
913.366091013 -39.6682323
913.893990993 -39.6621433
914.421897054 -39.648018
914.948857069 -39.6591838
915.476754069 -39.6646916
916.003556013 -39.6373462
916.531448007 -39.6146492
917.059365034 -39.6087788
917.58624506 -39.6486283
918.11411202 -39.6393977
918.64101696 -39.6381407
919.168877006 -39.6127617
919.69678998 -39.6309794
920.224691033 -39.6228867
920.751626015 -39.6108684
921.278455019 -39.607
921.806346059 -39.6202468
922.334226966 -39.6031638
922.861149073 -39.5871202
923.389014006 -39.59825
923.658015013 -39.5679594
924.204176068 -39.5779554
924.73200798 -39.5715431
925.258906007 -39.5860375
925.786813021 -39.588996
926.055799961 -39.6025922
926.601889014 -39.6015747
927.129790068 -39.6020153
927.656668067 -39.5956905
928.184569001 -39.5739943
928.712457061 -39.5726625
929.239331007 -39.5963245
929.767261982 -39.592125
930.295139074 -39.6059917
930.822026014 -39.5683362
931.349032044 -39.5724458
931.87680006 -39.5648492
932.404692054 -39.5455223
932.931568027 -39.5334769
933.201572061 -39.5536131
933.746690989 -39.5426711
934.274572968 -39.5407997
934.802461028 -39.5610124
935.330365062 -39.5662965
935.857239008 -39.5453177
936.384139061 -39.5907382
936.912039995 -39.5801991
937.439962029 -39.5779312
937.966799021 -39.5444696
938.494704962 -39.5569103
939.022601008 -39.5571749
939.549483061 -39.5567248
940.077368021 -39.5762623
940.605278015 -39.5669316
940.874253035 -39.5559785
941.42041707 -39.5484039
941.947224021 -39.5368786
942.475152969 -39.5191997
943.004065037 -39.5308524
943.530909061 -39.5398013
944.058883071 -39.5738135
944.586709023 -39.5607599
945.113654971 -39.5625729
945.64150703 -39.5847786
946.169375062 -39.5917127
946.696259975 -39.5593028
947.224163055 -39.5348524
947.752079964 -39.5508935
948.27897501 -39.5472713
948.806861997 -39.5442898
949.334738016 -39.5367033
949.861644983 -39.5448761
950.389525056 -39.5363262
950.91642499 -39.5409789
951.444300056 -39.5566199
951.972184062 -39.5391147
952.50009203 -39.5281555
953.026957989 -39.566496
953.554857969 -39.5745615
954.081809044 -39.5611967
954.60967803 -39.5603088
955.137603998 -39.5259425
955.664471984 -39.5293393
956.192303061 -39.5114962
956.720200062 -39.4955099
957.247107029 -39.490206
957.774983048 -39.5071836
958.302883983 -39.5143217
958.829773068 -39.5270067
959.099771023 -39.5243407
959.388022065 -39.5447203
959.934100986 -39.5462914
960.461986065 -39.5204797
960.988911033 -39.5367507
961.516784072 -39.5284491
962.044672012 -39.5204711
962.571545005 -39.5141662
963.099449992 -39.4877711
963.627335072 -39.5027449
964.154273033 -39.5200303
964.682108998 -39.5095508
965.21002996 -39.5212173
965.736899972 -39.5033259
966.264791965 -39.5395712
966.79271996 -39.5370032
967.319552064 -39.5192337
967.847462058 -39.5172113
968.374366999 -39.518843
968.902237058 -39.5043802
969.429116011 -39.4951043
969.957036972 -39.4806227
970.484920979 -39.4853064
971.011816978 -39.5053853
971.539757967 -39.5168125
972.066578984 -39.5322219
972.594460011 -39.5174885
973.12135005 -39.5269082
973.649224997 -39.5443436
974.177145958 -39.5363173
974.704056978 -39.5452336
975.231904984 -39.5352683
975.75881803 -39.5326644
976.286707044 -39.5351937
976.81459403 -39.5294757
977.34147799 -39.5155101
977.86936605 -39.5269606
978.396254063 -39.525069
978.924139023 -39.5236157
979.451017976 -39.561537
979.978947997 -39.5535763
980.505814075 -39.5456293
981.033738971 -39.5480048
981.56162703 -39.5548672
982.088474989 -39.5623551
982.616394043 -39.5811316
983.144284964 -39.5630835
983.671128988 -39.5557883
984.199050069 -39.5483444
984.725949049 -39.5303626
985.253893971 -39.566754
985.780721068 -39.5744965
986.308603048 -39.5643758
986.836506963 -39.5539914
987.363502979 -39.5445911
987.891283035 -39.5523655
988.418143988 -39.5459957
988.946071982 -39.5521673
989.473955035 -39.5662642
990.000826001 -39.5685712
990.528733015 -39.5727474
991.056627035 -39.5849672
991.583593965 -39.5754159
992.111397982 -39.5891127
992.639283061 -39.5735361
993.166202068 -39.5748965
993.694051027 -39.5632165
994.220954061 -39.5458593
994.748857975 -39.5563435
995.276782036 -39.5730525
995.804656029 -39.5990976
996.331513047 -39.591265
996.859429002 -39.5978591
997.387338996 -39.6028784
997.914229989 -39.5949237
998.442088962 -39.6094463
998.968978047 -39.6257636
999.496859074 -39.6282518
1000.02478707 -39.6455179
1000.29383302 -39.6472584
1000.83993196 -39.653491
1001.36675406 -39.6613381
1001.89471602 -39.6245542
1002.42152905 -39.633385
1002.94941199 -39.6359166
1003.47631598 -39.6267747
1004.00419199 -39.6465973
1004.53107107 -39.6402576
1005.05897701 -39.6452793
1005.58687699 -39.6513057
1006.11382306 -39.6575876
1006.64164698 -39.6791503
1007.168594 -39.6633456
1007.696504 -39.6752157
1008.22437203 -39.6880201
1008.75142598 -39.7110506
1009.27909303 -39.7456722
1009.80599201 -39.735956
1010.07599807 -39.7056372
1010.62212002 -39.7119177
1011.14897799 -39.7490053
1011.67689598 -39.7308987
1012.20378304 -39.7053718
1012.73165607 -39.7086557
1013.25962901 -39.6881482
1013.78643596 -39.6981904
1014.31433499 -39.7345164
1014.84222305 -39.6873911
1015.36912107 -39.7434027
1015.89700902 -39.7576199
1016.42390597 -39.7687023
1016.951792 -39.7479506
1017.47866499 -39.732207
1018.00658107 -39.7353198
1018.53445899 -39.6781662
1019.06135404 -39.7574168
1019.58921397 -39.7729362
1020.11610305 -39.7309145
1020.64403701 -39.7333986
1021.17090297 -39.7539332
1021.69881105 -39.7341029
1022.22570205 -39.7560888
1022.75366306 -39.7333572
1023.28043902 -39.7402301
1023.80835807 -39.7331212
1024.33623707 -39.7446004
1024.86325204 -39.7335281
1025.39101207 -39.7509067
1025.91790307 -39.7494625
1026.18794 -39.7530348
1026.734056 -39.7524149
1027.26089501 -39.7315111
1027.78880405 -39.7503273
1028.31569207 -39.8017159
1028.84367001 -39.8057353
1029.37148905 -39.7906267
1029.89833903 -39.7850779
1030.42624807 -39.7876769
1030.953197 -39.778798
1031.22322607 -39.7670448
1031.76824999 -39.774134
1032.29612803 -39.7850564
1032.82407105 -39.8131781
1033.35196507 -39.7996997
1033.87880301 -39.8092548
1034.40767896 -39.8065394
1034.93458498 -39.8171095
1035.46247005 -39.813408
1035.98934102 -39.8406069
1036.51726902 -39.8209625
1037.044191 -39.8052526
1037.572101 -39.8065733
1038.09993696 -39.8031539
1038.62680507 -39.8466718
1039.15472698 -39.8288959
1039.68158102 -39.8607837
1040.20948005 -39.8633707
1040.73637199 -39.8772347
1041.26426697 -39.830098
1041.79216397 -39.8674817
1042.31903303 -39.861769
1042.84693003 -39.8750781
1043.37383497 -39.8825382
1043.90174699 -39.8333167
1044.42963803 -39.8652647
1044.95655107 -39.873134
1045.48440003 -39.8795262
1046.01129007 -39.9012229
1046.53917003 -39.9020094
1047.06707597 -39.9191836
1047.59498107 -39.9619959
1048.12183297 -39.9564911
1048.64972603 -39.9120582
1049.17660606 -39.9855572
1049.70452297 -39.9449035
1050.23139298 -39.94
1050.75932097 -39.9505637
1051.28718805 -39.9696213
1051.81412697 -40.0310183
1052.34204006 -40.0262139
1052.86986303 -39.9764724
1053.39674807 -39.9959039
1053.92462397 -39.969864
1054.45149899 -39.9757883
1054.97942603 -39.9682961
1055.50629306 -39.9683755
1056.03420305 -39.9973356
1056.56210697 -40.0166971
1056.83113205 -39.9957712
1057.37718999 -40.0313345
1057.90408397 -40.0443529
1058.43197501 -39.9732908
1058.95889902 -39.9458618
1059.48674405 -39.9892607
1060.01463807 -40.0450286
1060.54150903 -40.0392848
1061.06942797 -40.0369305
1061.59629297 -40.0172397
1062.12422407 -40.0925117
1062.652089 -40.0700264
1063.17897499 -40.0629313
1063.44902098 -40.0568191
1063.99408603 -40.0604312
1064.52197206 -40.0660032
1065.04987597 -40.139603
1065.57673597 -40.1140049
1066.10564506 -40.1586531
1066.63255799 -40.2166962
1067.160496 -40.1694673
1067.68735099 -40.1753471
1068.21521604 -40.1186263
1068.74209905 -40.1626127
1069.27001905 -40.1829645
1069.79688501 -40.1552383
1070.06688106 -40.1364694
1070.61197698 -40.1484223
1071.13987601 -40.1609007
1071.66673696 -40.1786059
1071.93680203 -40.1648525
1072.48287404 -40.2286838
1073.00974298 -40.2442476
1073.53763306 -40.2137602
1074.06453097 -40.1888937
1074.59244096 -40.2064413
1075.11930704 -40.1427415
1075.64720702 -40.1529208
1076.17415297 -40.2187892
1076.70196998 -40.2749199
1077.22987497 -40.2215117
1077.75677407 -40.2425488
1078.28465199 -40.252986
1078.81256402 -40.2662592
1079.33941996 -40.2801732
1079.86733007 -40.2418579
1080.39428103 -40.3178046
1080.92214596 -40.2509574
1081.45002902 -40.2562282
1081.97691202 -40.2593898
1082.50479198 -40.3165226
1083.03167903 -40.3088372
1083.55955601 -40.334827
1084.08744001 -40.3236345
1084.61433303 -40.3692574
1085.14121902 -40.3872122
1085.66907597 -40.3387769
1086.19700897 -40.4224643
1086.72389507 -40.4364533
1087.25177205 -40.424905
1087.77877104 -40.411456
1088.30656302 -40.3927977
1088.83357 -40.3805988
1089.36133504 -40.4247367
1089.88823605 -40.399904
1090.416134 -40.3452433
1090.94400203 -40.4134802
1091.47089696 -40.4372756
1091.99877596 -40.4622793
1092.52565801 -40.4583216
1093.05357504 -40.4412178
1093.58146799 -40.4750511
1094.10836303 -40.4606615
1094.63625801 -40.5063901
1095.16324806 -40.5040658
1095.69100296 -40.4979713
1096.21792102 -40.5074684
1096.74579096 -40.4702859
1097.27369905 -40.568516
1097.80058897 -40.6192788
1098.32846105 -40.6515109
1098.85534906 -40.621656
1099.38331699 -40.6053853
1099.91116703 -40.5124073
1100.43802202 -40.5489887
1100.96594799 -40.5563302
1101.49382102 -40.6125436
1102.02075303 -40.6384753
1102.54863405 -40.6314179
1103.07655406 -40.6088032
1103.60346305 -40.5805299
1104.13128006 -40.6212943
1104.65917504 -40.6341837
1105.18605506 -40.6455781
1105.71394205 -40.5534719
1106.24182701 -40.6369832
1106.768736 -40.6979565
1107.29663801 -40.68943
1107.82361197 -40.7049805
1108.35139596 -40.6949944
1108.879282 -40.713139
1109.40619802 -40.7006473
1109.93410206 -40.6876789
1110.462008 -40.7335852
1110.98886001 -40.7101126
1111.51674306 -40.6411817
1112.04362202 -40.6524878
1112.57152796 -40.678809
1113.098418 -40.6675561
1113.626302 -40.6664604
1114.15424407 -40.6600234
1114.681059 -40.6371771
1115.20896506 -40.7310404
1115.73685801 -40.6649394
1116.26376307 -40.7245859
1116.791664 -40.7047741
1117.31856203 -40.6747309
1117.84645307 -40.7408712
1118.37432897 -40.8010354
1118.90222907 -40.7568832
1119.42908597 -40.8083831
1119.95701706 -40.7879361
1120.483863 -40.8277506
1121.01175702 -40.8242242
1121.53968203 -40.7438019
1122.06654 -40.8133419
1122.59444106 -40.7889766
1123.122329 -40.735388
1123.64921498 -40.8419732
1124.17708898 -40.853559
1124.704018 -40.8729868
1125.23191905 -40.8531306
1125.75880098 -40.8859925
1126.286659 -40.9472163
1126.81356001 -40.8195206
1127.34142303 -40.813398
1127.869331 -40.8045781
1128.39621997 -40.8336964
1128.92410898 -40.7589277
1129.45099401 -40.8205561
1129.97891605 -40.8428749
1130.506791 -40.8419672
1131.03368998 -40.84377
1131.56157804 -40.8704327
1132.08849299 -40.848016
1132.61636508 -40.8947607
1133.14331996 -40.9099332
1133.67111397 -40.8866765
1134.19901907 -40.9300483
1134.72590506 -40.9306435
1135.25381505 -40.9522965
1135.78070104 -40.9216372
1136.05068207 -40.9217614
1136.59577596 -40.9207648
1137.12371397 -40.9568738
1137.65053797 -40.9772674
1137.92056501 -40.9894078
1138.46669805 -40.9946441
1138.99364102 -40.9831415
1139.52149498 -41.0012535
1140.04833698 -40.9708111
1140.57623005 -40.9914212
1141.10321701 -40.9526703
1141.63101006 -40.9507025
1142.158898 -40.9616319
1142.685781 -41.0365917
1143.21369004 -41.0699036
1143.74054897 -41.1406401
1144.26847005 -41.0090045
1144.79636002 -41.0331142
1145.32328904 -41.0111596
1145.85114896 -41.0331517
1146.37821007 -41.0365744
1146.64803803 -41.0956386
1147.19319999 -41.0602496
1147.72100997 -41.0723517
1148.248963 -41.1026985
1148.77579701 -41.0081221
1149.30368996 -41.078405
1149.83065498 -41.0230308
1150.35846806 -41.0532526
1150.88636601 -41.0727935
1151.41330302 -41.0413297
1151.94113302 -41.0562372
1152.46901107 -41.1045229
1152.99593401 -41.0916618
1153.52383101 -41.1612569
1154.05069196 -41.2102988
1154.57858598 -41.2095106
1155.10550606 -41.1568525
1155.63346803 -41.1544853
1155.90235507 -41.1523865
1156.44845307 -41.2325379
1156.97639799 -41.251563
1157.50327003 -41.2280367
1158.03112304 -41.2290573
1158.55901802 -41.2720368
1158.828107 -41.2957891
1159.37414396 -41.310092
1159.90103102 -41.2892212
1160.4289 -41.2415969
1160.95685101 -41.327003
1161.48370004 -41.2782779
1162.01159096 -41.2906101
1162.53949797 -41.3633437
1163.066365 -41.3690059
1163.59429502 -41.3146266
1164.12216306 -41.35318
1164.64904499 -41.3106121
1165.17694998 -41.3613369
1165.70488596 -41.4006089
1166.23171699 -41.4112197
1166.75960004 -41.3693327
1167.28749096 -41.4450838
1167.81438398 -41.4579837
1168.34337497 -41.4527076
1168.61343896 -41.4748123
1169.15837896 -41.4538298
1169.68627799 -41.483635
1170.21330297 -41.4697688
1170.74106896 -41.4940573
1171.26895404 -41.5121462
1171.79585898 -41.5325068
1172.32379901 -41.5599356
1172.85163105 -41.5581134
1173.37849796 -41.5792229
1173.648543 -41.5929719
1173.93572307 -41.5608214
1174.48183906 -41.5753887
1175.00973606 -41.5548839
1175.53762197 -41.5540656
1176.06451297 -41.5024746
1176.59239101 -41.5125671
1177.11928904 -41.5347896
1177.64717102 -41.5461711
1178.17507005 -41.5542379
1178.70194507 -41.6222889
1179.22987401 -41.5604084
1179.75676799 -41.5561547
1180.28462601 -41.500242
1180.81255305 -41.5667179
1181.33939207 -41.611641
1181.86730707 -41.6481096
1182.39420402 -41.6561284
1182.92205 -41.6456989
1183.448946 -41.6744037
1183.97686005 -41.6190125
1184.50474501 -41.6449603
1185.03170002 -41.6435927
1185.55960703 -41.686232
1186.08643103 -41.6811241
1186.61434698 -41.7263921
1187.14219701 -41.7354997
1187.66908598 -41.7125135
1188.19698203 -41.7691705
1188.72386599 -41.757899
1189.25075698 -41.8230705
1189.77864301 -41.7884988
1190.30653703 -41.7581401
1190.83355701 -41.7882703
1191.36132002 -41.690858
1191.88921797 -41.737918
1192.416219 -41.8151525
1192.68610299 -41.6957732
1193.23226297 -41.7018779
1193.75910699 -41.7790076
1194.287009 -41.7903993
1194.81387806 -41.8343316
1195.34176803 -41.8303419
1195.86966407 -41.8439382
1196.39653802 -41.8621931
1196.92445707 -41.8820319
1197.45132196 -41.8232328
1197.97923601 -41.8472818
1198.50608003 -41.7762638
1199.03399706 -41.7489152
1199.56088901 -41.7451017
1200.08879006 -41.7681165
1200.61666799 -41.8469915
1201.14357305 -41.7904184
1201.67143297 -41.8074304
1202.19833505 -41.8883098
1202.72724104 -41.8194553
1203.25411201 -41.8732505
1203.78202498 -41.8607627
1204.30889297 -41.9062389
1204.836797 -41.9349627
1205.36370206 -41.918548
1205.89156604 -41.9551487
1206.41943502 -41.9104224
1206.94639802 -41.931268
1207.47329998 -41.961318
1208.001122 -41.9542104
1208.52800703 -41.9590456
1209.05589998 -41.9208442
1209.58380699 -41.8793047
1210.11068499 -41.8848269
1210.38070297 -41.8983917
1210.92579806 -41.9510433
1211.45266306 -41.9602778
1211.980551 -41.9984914
1212.50844407 -42.0151922
1213.03537405 -41.9845346
1213.56336999 -41.9859495
1214.09118903 -41.9713435
1214.61802697 -41.97242
1215.14594805 -41.971979
1215.672804 -41.954828
1216.20068002 -41.938035
1216.72861397 -42.0139943
1217.25548303 -42.0204414
1217.78357506 -42.0120774
1218.31024706 -42.0200687
1218.83812201 -42.059928
1219.36500096 -42.036263
1219.89291406 -42.04389
1220.42080998 -42.0434875
1220.94774401 -42.0802877
1221.47557807 -42.0753252
1222.002491 -42.0652442
1222.53037906 -42.0629812
1223.05826604 -42.0766432
1223.58514404 -42.0656249
1224.11317205 -42.077228
1224.63992596 -42.090605
1225.167822 -42.0961144
1225.69470906 -42.0817773
1226.22259998 -42.0554656
1226.75047505 -42.0993861
1227.27738702 -42.1459737
1227.80531299 -42.157154
1228.33214605 -42.1428801
1228.86005902 -42.1501946
1229.38691306 -42.139259
1229.91486502 -42.1404692
1230.44169402 -42.214884
1230.96960402 -42.1924161
1231.497509 -42.2120432
1232.02437496 -42.2243853
1232.55227005 -42.1999792
1233.07915998 -42.2227532
1233.60705602 -42.2266636
1234.13495898 -42.2166779
1234.661883 -42.1947653
1234.93185198 -42.244447
1235.477 -42.2435398
1235.74696004 -42.2514242
1236.29203701 -42.2276075
1236.81993902 -42.2256477
1237.34683907 -42.2421325
1237.87471402 -42.2592605
1238.14472103 -42.2594293
1238.68980098 -42.2414743
1239.21772301 -42.2594432
1239.74457502 -42.2650319
1240.27247703 -42.2777361
1240.80040407 -42.2571769
1241.327263 -42.3108334
1241.59729004 -42.2947184
1241.88450706 -42.2756289
1242.43066406 -42.2973076
1242.95848501 -42.30545
1243.48536205 -42.2930976
1244.013309 -42.2569638
1244.54113996 -42.28936
1245.06908202 -42.3329373
1245.59694099 -42.3526171
1246.12386107 -42.3426074
1246.65170097 -42.3235002
1247.17959201 -42.3359985
1247.70650196 -42.2961273
1248.23439801 -42.270573
1248.76227999 -42.2969037
1249.28916204 -42.3110238
1249.81709599 -42.3332666
1250.34496105 -42.3336725
1250.87189507 -42.3776881
1251.39981997 -42.3433432
1251.927616 -42.3630303
1252.45452905 -42.3607544
1252.98240006 -42.3331336
1253.51028204 -42.3697231
1253.77929902 -42.3363015
1254.32544303 -42.3656057
1254.85341907 -42.3639187
1255.38021708 -42.3506638
1255.90808105 -42.3670045
1256.43598807 -42.4000475
1256.96288908 -42.3412659
1257.49074697 -42.3612214
1258.01863301 -42.3695656
1258.54653502 -42.3948568
1258.81660402 -42.3683203
1259.36162996 -42.3256154
1259.89055502 -42.3831293
1260.41749203 -42.3816729
1260.68746698 -42.4064569
1261.23254204 -42.4196222
1261.76042998 -42.3877589
1262.28839004 -42.3882436
1262.81624496 -42.3892593
1263.34320199 -42.4071666
1263.87100601 -42.4225198
1264.39785802 -42.3846789
1264.92681897 -42.3908964
1265.45369804 -42.3962046
1265.98157907 -42.4151295
1266.50843704 -42.4245085
1267.03633904 -42.3683527
1267.56426704 -42.3975129
1268.09112704 -42.4019103
1268.61901307 -42.4204935
1269.14595604 -42.4126692
1269.673985 -42.413764
1270.20168102 -42.4062476
1270.72857499 -42.4276958
1271.25648105 -42.4161301
1271.78437102 -42.4044385
1272.31124902 -42.4444719
1272.83914399 -42.4547215
1273.36601698 -42.4445659
1273.893942 -42.4629213
1274.42179501 -42.471211
1274.94869399 -42.4588625
1275.47662199 -42.456631
1276.00356805 -42.4392245
1276.531425 -42.4276333
1277.05829 -42.4166547
1277.586151 -42.4351375
1278.11405003 -42.426153
1278.64091206 -42.4225572
1279.16882706 -42.4640421
1279.69571996 -42.4459625
1280.22361505 -42.450436
1280.75164497 -42.4656151
1281.27840102 -42.4687734
1281.80628598 -42.4330795
1282.33417797 -42.4391371
1282.86105907 -42.4457289
1283.38894904 -42.4450711
1283.91588402 -42.4679423
1284.44373906 -42.448956
1284.97060096 -42.4579844
1285.49851596 -42.4704527
1286.02540898 -42.4501847
1286.55335999 -42.4712704
1287.08017898 -42.459433
1287.60805106 -42.4633647
1288.13595104 -42.461591
1288.662866 -42.4736607
1289.19072104 -42.4660319
1289.71759307 -42.4593796
1290.24550903 -42.4663706
